0.05 0 0
0.15 0 0
0.25 0 0
0.35 0 0
0.45 0 0
0.55 0 0
0.65 0 0
0.75 0 0
0.85 0 0
0.95 0 0
1.05 2 3.85533
1.15 25 40.18
1.25 12 16.3256
1.35 6 6.99881
1.45 6 6.06711
1.55 1 0.884962
1.65 0 0
1.75 1 0.694296
1.85 4 2.48513
1.95 4 2.23684
2.05 6 3.03596
2.15 9 4.14025
2.25 7 2.94036
2.35 17 6.54616
2.45 12 4.25136
2.55 14 4.57858
2.65 16 4.84524
2.75 22 6.18655
2.85 17 4.45096
2.95 35 8.55306
3.05 43 9.83034
3.15 62 13.2884
3.25 60 12.0806
3.35 95 18.0028
3.45 128 22.8707
3.55 109 18.3942
3.65 93 14.846
3.75 104 15.7284
3.85 85 12.1958
3.95 70 9.54156
4.05 64 8.29825
4.15 75 9.26153
4.25 52 6.12272
4.35 51 5.73207
4.45 61 6.55134
4.55 78 8.01296
4.65 77 7.57368
4.75 81 7.6352
4.85 79 7.14278
4.95 98 8.50628
5.05 109 9.09009
5.15 80 6.41506
5.25 76 5.86436
5.35 51 3.78956
5.45 51 3.65177
5.55 42 2.89995
5.65 41 2.73158
5.75 36 2.31577
5.85 41 2.54801
5.95 35 2.10263
6.05 19 1.10401
6.15 23 1.29332
6.25 31 1.68784
6.35 33 1.74059
6.45 39 1.99377
6.55 63 3.12312
6.65 81 3.89558
6.75 115 5.36811
6.85 116 5.25785
6.95 161 7.08904
7.05 173 7.40286
7.15 153 6.36519
7.25 164 6.6359
7.35 154 6.06287
7.45 152 5.82456
7.55 168 6.26827
7.65 175 6.35986
7.75 206 7.29452
7.85 197 6.79923
7.95 166 5.58608
8.05 164 5.38252
8.15 118 3.77833
8.25 87 2.7186
8.35 100 3.05043
8.45 60 1.78719
8.55 40 1.16376
8.65 41 1.16543
8.75 34 0.944489
8.85 42 1.1405
8.95 56 1.48688
9.05 34 0.882909
9.15 54 1.37179
9.25 64 1.59086
9.35 76 1.84895
9.45 77 1.83384
9.55 90 2.0988
9.65 98 2.23824
9.75 132 2.95325
9.85 146 3.20048
9.95 162 3.4802
10.05 166 3.49552
10.15 171 3.5302
10.25 148 2.99605
10.35 197 3.9113
10.45 185 3.60309
10.55 204 3.89817
10.65 200 3.7503
10.75 181 3.33117
10.85 216 3.90238
10.95 218 3.86691
11.05 238 4.14561
11.15 185 3.16488
11.25 196 3.29372
11.35 168 2.77366
11.45 149 2.41719
11.55 142 2.26392
11.65 121 1.89614
11.75 100 1.5405
11.85 87 1.31771
11.95 94 1.4
12.05 102 1.49404
12.15 102 1.46955
12.25 122 1.72912
12.35 123 1.71517
12.45 167 2.29147
12.55 173 2.33612
12.65 182 2.41895
12.75 176 2.30266
12.85 175 2.25408
12.95 157 1.99112
13.05 153 1.91076
13.15 132 1.62353
13.25 109 1.32048
13.35 119 1.42011
13.45 117 1.37556
13.55 128 1.48275
13.65 146 1.66657
13.75 161 1.81116
13.85 174 1.92924
13.95 192 2.09841
14.05 246 2.65045
14.15 269 2.85744
14.25 285 2.98505
14.35 301 3.10885
14.45 299 3.0456
14.55 305 3.06416
14.65 265 2.62608
14.75 271 2.64925
14.85 239 2.30506
14.95 198 1.88417
15.05 203 1.90616
15.15 169 1.56603
15.25 155 1.41752
15.35 144 1.29982
15.45 161 1.43452
15.55 185 1.62723
15.65 192 1.66729
15.75 168 1.44041
15.85 154 1.30377
15.95 151 1.26239
16.05 112 0.92471
16.15 120 0.978529
16.25 114 0.918196
16.35 143 1.13773
16.45 158 1.24183
16.55 194 1.50641
16.65 212 1.62647
16.75 207 1.5692
16.85 186 1.39332
16.95 209 1.54719
17.05 207 1.51446
17.15 213 1.54024
17.25 246 1.75831
17.35 302 2.13376
17.45 348 2.43067
17.55 378 2.61021
17.65 409 2.79236
17.75 387 2.61247
17.85 365 2.43643
17.95 315 2.07931
18.05 278 1.8148
18.15 240 1.54951
18.25 174 1.11112
18.35 187 1.18116
18.45 180 1.12465
18.55 176 1.08783
18.65 190 1.16181
18.75 191 1.1555
18.85 193 1.15524
18.95 237 1.40368
19.05 197 1.15455
19.15 201 1.16573
19.25 196 1.12495
19.35 205 1.16447
19.45 187 1.05133
19.55 203 1.12964
19.65 184 1.01352
19.75 218 1.18867
19.85 274 1.479
19.95 292 1.5604
20.05 268 1.41789
20.15 253 1.32528
20.25 260 1.34853
20.35 298 1.53047
20.45 279 1.41891
20.55 261 1.31448
20.65 269 1.34168
20.75 254 1.25469
20.85 297 1.45306
20.95 314 1.5216
21.05 338 1.62237
21.15 366 1.7402
21.25 338 1.59198
21.35 360 1.67975
21.45 327 1.51158
21.55 303 1.38767
21.65 278 1.26144
21.75 276 1.24088
21.85 275 1.22509
21.95 276 1.21837
22.05 294 1.28608
22.15 264 1.14444
22.25 308 1.32321
22.35 272 1.15812
22.45 328 1.38414
22.55 259 1.08329
22.65 240 0.994977
22.75 239 0.98214
22.85 204 0.83099
22.95 188 0.759155
23.05 182 0.728564
23.15 187 0.742126
23.25 237 0.932482
23.35 276 1.07665
23.45 317 1.22606
23.55 326 1.25018
23.65 336 1.27766
23.75 307 1.15758
23.85 307 1.14789
23.95 322 1.19394
24.05 299 1.09946
24.15 314 1.14507
24.25 357 1.29117
24.35 388 1.39178
24.45 412 1.46581
24.55 412 1.45389
24.65 411 1.43862
24.75 415 1.44091
24.85 409 1.40867
24.95 385 1.3154
25.05 351 1.18968
25.15 344 1.1567
25.25 345 1.15089
25.35 346 1.14514
25.45 357 1.17228
25.55 316 1.02954
25.65 312 1.0086
25.75 294 0.943042
25.85 241 0.767069
25.95 202 0.637992
26.05 194 0.608029
26.15 211 0.656262
26.25 215 0.663618
26.35 225 0.689223
26.45 276 0.839066
26.55 286 0.86293
26.65 304 0.910369
26.75 393 1.16811
26.85 363 1.07092
26.95 375 1.09813
27.05 397 1.15397
27.15 433 1.24936
27.25 392 1.12277
27.35 405 1.15154
27.45 399 1.12623
27.55 365 1.0284
27.65 335 0.947372
27.75 283 0.80334
27.85 269 0.766535
27.95 248 0.70946
28.05 222 0.637611
28.15 227 0.654615
28.25 249 0.72102
28.35 231 0.671706
28.45 213 0.62201
28.55 249 0.730297
28.65 206 0.606851
28.75 256 0.757534
28.85 221 0.656954
28.95 252 0.752587
29.05 235 0.705134
29.15 219 0.660283
29.25 224 0.678658
29.35 207 0.630268
29.45 192 0.587549
29.55 191 0.587489
29.65 196 0.606015
29.75 181 0.562605
29.85 192 0.600015
29.95 218 0.685001
30.05 195 0.616144
30.15 209 0.664119
30.25 198 0.632786
30.35 194 0.623629
30.45 203 0.65644
30.55 164 0.53353
30.65 143 0.468069
30.75 123 0.405117
30.85 115 0.381171
30.95 88 0.293559
31.05 84 0.282051
31.15 99 0.334631
31.25 107 0.364119
31.35 126 0.431726
31.45 154 0.531354
31.55 155 0.538605
31.65 177 0.619496
31.75 173 0.609942
31.85 151 0.536352
31.95 164 0.586949
32.05 196 0.706887
32.15 164 0.596117
32.25 144 0.527595
32.35 152 0.561422
32.45 143 0.532536
32.55 122 0.458142
32.65 98 0.371154
32.75 77 0.294151
32.85 40 0.154154
32.95 55 0.213865
33.05 56 0.219742
33.15 68 0.269309
33.25 71 0.283849
33.35 67 0.270435
33.45 89 0.362752
33.55 97 0.399299
33.65 113 0.469883
33.75 112 0.470536
33.85 104 0.441523
33.95 154 0.660798
34.05 107 0.464135
34.15 118 0.517539
34.25 103 0.456866
34.35 119 0.533927
34.45 113 0.512969
34.55 78 0.358329
34.65 78 0.362709
34.75 45 0.211863
34.85 43 0.20502
34.95 45 0.217338
35.05 36 0.176171
35.15 34 0.16863
35.25 34 0.170954
35.35 39 0.198854
35.45 47 0.243088
35.55 49 0.257153
35.65 54 0.287645
35.75 60 0.324506
35.85 61 0.335087
35.95 61 0.34046
36.05 59 0.334699
36.15 51 0.294173
36.25 65 0.38137
36.35 65 0.388082
36.45 62 0.376846
36.55 61 0.37762
36.65 46 0.29016
36.75 29 0.186483
36.85 39 0.255791
36.95 18 0.120476
37.05 16 0.109344
37.15 10 0.0698182
37.25 11 0.0785087
37.35 7 0.0511039
37.45 13 0.0971447
37.55 7 0.0535794
37.65 9 0.0706133
37.75 14 0.112682
37.85 15 0.123953
37.95 25 0.212288
38.05 40 0.349355
38.15 22 0.197824
38.25 28 0.259488
38.35 23 0.219926
38.45 14 0.138288
38.55 10 0.10217
38.65 6 0.0634952
38.75 3 0.0329323
38.85 1 0.0114054
38.95 0 0
39.05 0 0
39.15 0 0
39.25 0 0
39.35 0 0
39.45 0 0
39.55 0 0
39.65 0 0
39.75 0 0
39.85 0 0
39.95 0 0
40.05 0 0
40.15 0 0
40.25 0 0
40.35 0 0
40.45 0 0
40.55 0 0
40.65 0 0
40.75 0 0
40.85 0 0
40.95 0 0
41.05 0 0
41.15 0 0
41.25 0 0
41.35 0 0
41.45 0 0
41.55 0 0
41.65 0 0
41.75 0 0
41.85 0 0
41.95 0 0
42.05 0 0
42.15 0 0
42.25 0 0
42.35 0 0
42.45 0 0
42.55 0 0
42.65 0 0
42.75 0 0
42.85 0 0
42.95 0 0
43.05 0 0
43.15 0 0
43.25 0 0
43.35 0 0
43.45 0 0
43.55 0 0
43.65 0 0
43.75 0 0
43.85 0 0
43.95 0 0
44.05 0 0
44.15 0 0
44.25 0 0
44.35 0 0
44.45 0 0
44.55 0 0
44.65 0 0
44.75 0 0
44.85 0 0
44.95 0 0
45.05 0 0
45.15 0 0
45.25 0 0
45.35 0 0
45.45 0 0
45.55 0 0
45.65 0 0
45.75 0 0
45.85 0 0
45.95 0 0
46.05 0 0
46.15 0 0
46.25 0 0
46.35 0 0
46.45 0 0
46.55 0 0
46.65 0 0
46.75 0 0
46.85 0 0
46.95 0 0
47.05 0 0
47.15 0 0
47.25 0 0
47.35 0 0
47.45 0 0
47.55 0 0
